0:(3) [20, 9, 0]
1:(3) [14, 0, 112]
2:(3) [16, 0, 15]
3:(3) [21, 0, 17]
4:(3) [27, 0, 17]
5:(3) [24, 0, 16]
6:(3) [15, 0, 17]
7:(3) [7, 0, 17]
8:(3) [1, 0, 16]
9:(3) [2, 0, 17]
10:(3) [2, 0, 33]
11:(3) [3, 0, 18]
12:(3) [1, 0, 17]
13:(3) [-7, -1, 166]
14:(3) [-11, -1, 17]
15:(3) [-4, 0, 17]
16:(3) [-4, 0, 15]
17:(3) [-2, 0, 17]
18:(3) [-4, 0, 17]
19:(3) [-3, 0, 16]
20:(3) [-2, 0, 17]
21:(3) [-3, 0, 17]
22:(3) [-10, 0, 49]
23:(3) [-4, 0, 17]
24:(3) [-3, 0, 17]
25:(3) [-2, 0, 17]
26:(3) [-1, 0, 16]
27:(3) [-1, 0, 23]
28:(3) [-1, 0, 11]
29:(3) [-2, 0, 16]
30:(3) [-3, 0, 17]
31:(3) [-3, 0, 17]
32:(3) [-2, 0, 16]
33:(3) [-2, 0, 187]
34:(3) [-1, 0, 13]
35:(3) [-2, 0, 17]
36:(3) [-3, 1, 17]
37:(3) [-1, 0, 186]
38:(3) [-1, 0, 13]
39:(3) [0, 0, 41779]
