0:(3) [19, 22, 0]
1:(3) [19, 0, 102]
2:(3) [25, 0, 17]
3:(3) [49, 0, 17]
4:(3) [37, 0, 17]
5:(3) [30, 0, 17]
6:(3) [18, 0, 16]
7:(3) [6, 0, 16]
8:(3) [-2, 0, 334]
9:(3) [-2, 0, 16]
10:(3) [-2, -1, 17]
11:(3) [-2, -1, 23]
12:(3) [-1, 0, 27]
13:(3) [-4, 0, 17]
14:(3) [-3, 0, 16]
15:(3) [-3, 0, 17]
16:(3) [-1, 0, 17]
17:(3) [-1, 0, 16]
18:(3) [-1, 0, 42]
19:(3) [-2, -1, 40]
20:(3) [1, 0, 121]
21:(3) [2, 0, 15]
22:(3) [4, 0, 16]
23:(3) [2, 0, 16]
24:(3) [3, 1, 17]
25:(3) [3, 0, 17]
26:(3) [4, 0, 16]
27:(3) [2, 0, 304]
28:(3) [1, 0, 13]
29:(3) [1, 0, 16]
30:(3) [0, 0, 35354]
