0:(3) [13, 15, 0]
1:(3) [43, 0, 115]
2:(3) [22, 0, 16]
3:(3) [16, 0, 17]
4:(3) [13, 0, 16]
5:(3) [7, 0, 17]
6:(3) [4, 0, 17]
7:(3) [6, 0, 16]
8:(3) [3, 1, 17]
9:(3) [1, 1, 17]
10:(3) [1, 0, 16]
11:(3) [1, 0, 17]
12:(3) [5, 0, 17]
13:(3) [3, 0, 17]
14:(3) [1, 0, 16]
15:(3) [3, 0, 17]
16:(3) [2, 0, 17]
17:(3) [2, 0, 17]
18:(3) [1, 0, 83]
19:(3) [-2, 0, 83]
20:(3) [-3, 0, 17]
21:(3) [-9, -1, 16]
22:(3) [-8, 0, 17]
23:(3) [-5, -2, 16]
24:(3) [-5, 0, 17]
25:(3) [-2, -1, 17]
26:(3) [-4, 0, 16]
27:(3) [-3, 0, 17]
28:(3) [-7, -1, 17]
29:(3) [-2, 0, 16]
30:(3) [-2, 0, 17]
31:(3) [-3, -1, 17]
32:(3) [-2, 0, 16]
33:(3) [-1, 0, 17]
34:(3) [-3, 0, 17]
35:(3) [-2, 0, 16]
36:(3) [-1, 0, 17]
37:(3) [-2, 0, 17]
38:(3) [-1, 0, 16]
39:(3) [-1, 0, 17]
40:(3) [-1, 0, 17]
41:(3) [-2, 0, 73]
42:(3) [-1, 0, 72]
43:(3) [0, 0, 8755]
