 0:(3) [24, 25, 0]
1:(3) [17, 0, 126]
2:(3) [21, 3, 18]
3:(3) [21, 3, 16]
4:(3) [26, 2, 16]
5:(3) [28, 5, 17]
6:(3) [12, 1, 18]
7:(3) [5, 0, 15]
8:(3) [2, 0, 84]
9:(3) [3, 0, 16]
10:(3) [5, 2, 17]
11:(3) [2, 0, 17]
12:(3) [4, 0, 16]
13:(3) [-1, 0, 68]
14:(3) [-1, 0, 16]
15:(3) [-2, 0, 16]
16:(3) [-1, 0, 17]
17:(3) [-3, -1, 17]
18:(3) [-6, -2, 16]
19:(3) [-5, 0, 17]
20:(3) [-6, -1, 17]
21:(3) [-2, 0, 16]
22:(3) [-1, 0, 123]
23:(3) [1, 0, 154]
24:(3) [1, 0, 16]
25:(3) [2, 0, 16]
26:(3) [1, 0, 8]
27:(3) [5, 0, 17]
28:(3) [9, 0, 16]
29:(3) [11, 0, 17]
30:(3) [6, 0, 16]
31:(3) [7, 0, 17]
32:(3) [11, 1, 17]
33:(3) [7, 1, 16]
34:(3) [3, 0, 17]
35:(3) [2, 0, 17]
36:(3) [-1, 0, 139]
37:(3) [-2, 0, 11]
38:(3) [-19, 0, 16]
39:(3) [-29, 0, 17]
40:(3) [-28, 0, 17]
41:(3) [-31, 4, 17]
42:(3) [-29, 3, 16]
43:(3) [-26, 5, 17]
44:(3) [-23, 1, 16]
45:(3) [-3, 0, 17]
46:(3) [-2, 0, 17]
47:(3) [1, 0, 167]
48:(3) [16, 0, 16]
49:(3) [29, 0, 17]
50:(3) [43, 0, 16]
51:(3) [61, 0, 17]
52:(3) [50, 0, 17]
53:(3) [46, 3, 17]
54:(3) [29, 1, 16]
55:(3) [5, 0, 17]
56:(3) [-1, 0, 146]
57:(3) [-1, 0, 32]
58:(3) [-2, 0, 8]
59:(3) [-2, 0, 14]
60:(3) [-6, 0, 16]
61:(3) [-17, -1, 17]
62:(3) [-47, 0, 18]
63:(3) [-22, 0, 15]
64:(3) [-65, 0, 17]
65:(3) [-30, 0, 17]
66:(3) [-22, 0, 16]
67:(3) [-12, 0, 17]
68:(3) [-4, 0, 17]
69:(3) [3, 0, 237]
70:(3) [4, 0, 13]
71:(3) [5, 0, 16]
72:(3) [6, 0, 17]
73:(3) [3, 0, 17]
74:(3) [1, 0, 16]
75:(3) [3, 1, 17]
76:(3) [3, 0, 17]
77:(3) [1, 0, 21]
78:(3) [1, 0, 57]
79:(3) [2, 1, 8]
80:(3) [2, 0, 16]
81:(3) [1, 0, 16]
82:(3) [-1, 0, 304]
83:(3) [-1, 0, 11]
84:(3) [-2, 0, 17]
85:(3) [-1, 0, 16]
86:(3) [-2, 0, 237]
87:(3) [0, -1, 13]
88:(3) [0, 0, 8299]
