0:(3) [20, 25, 0]
1:(3) [0, 1, 114]
2:(3) [0, 1, 1273]
3:(3) [4, 0, 23]
4:(3) [6, 0, 20]
5:(3) [5, 0, 17]
6:(3) [7, 0, 17]
7:(3) [3, 0, 16]
8:(3) [3, 0, 17]
9:(3) [1, 0, 16]
10:(3) [2, 0, 41]
11:(3) [1, 0, 10]
12:(3) [3, 0, 16]
13:(3) [7, 0, 17]
14:(3) [5, 0, 18]
15:(3) [6, 0, 15]
16:(3) [5, 0, 17]
17:(3) [4, 0, 17]
18:(3) [3, 0, 16]
19:(3) [3, 0, 17]
20:(3) [1, 0, 16]
21:(3) [2, 0, 17]
22:(3) [2, 0, 17]
23:(3) [2, 0, 17]
24:(3) [5, -1, 16]
25:(3) [4, 0, 17]
26:(3) [5, 0, 17]
27:(3) [6, -1, 16]
28:(3) [7, 0, 17]
29:(3) [7, 0, 17]
30:(3) [4, -1, 16]
31:(3) [4, -1, 17]
32:(3) [11, -1, 16]
33:(3) [7, 0, 17]
34:(3) [6, 0, 17]
35:(3) [5, 0, 17]
36:(3) [2, 0, 16]
37:(3) [4, -1, 17]
38:(3) [7, -1, 17]
39:(3) [7, 0, 16]
40:(3) [5, 0, 17]
41:(3) [3, 0, 17]
42:(3) [1, 0, 25]
43:(3) [1, 0, 8]
44:(3) [1, 0, 137]
45:(3) [1, 0, 49]
46:(3) [1, 0, 14]
47:(3) [1, 0, 17]
48:(3) [1, 0, 57]
49:(3) [1, 0, 9]
50:(3) [1, 0, 17]
51:(3) [1, 0, 17]
52:(3) [2, 0, 16]
53:(3) [1, 0, 17]
54:(3) [2, 0, 17]
55:(3) [1, 0, 66]
56:(3) [1, 0, 32]
57:(3) [1, 0, 18]
58:(3) [-1, -1, 382]
59:(3) [-1, 0, 18]
60:(3) [-2, 0, 17]
61:(3) [-2, -1, 17]
62:(3) [-2, 0, 16]
63:(3) [-5, 0, 17]
64:(3) [-7, 0, 17]
65:(3) [-8, 0, 16]
66:(3) [-10, 0, 17]
67:(3) [-5, 0, 16]
68:(3) [-4, 0, 17]
69:(3) [-1, 0, 17]
70:(3) [-2, 0, 17]
71:(3) [-2, 0, 16]
72:(3) [-3, 0, 17]
73:(3) [-3, 0, 17]
74:(3) [-5, 0, 16]
75:(3) [-6, 0, 17]
76:(3) [-7, 0, 17]
77:(3) [-5, 0, 16]
78:(3) [-5, 0, 17]
79:(3) [-2, 0, 16]
80:(3) [-1, 0, 17]
81:(3) [-1, 0, 471]
82:(3) [-1, 0, 25]
83:(3) [-2, 0, 21]
84:(3) [-2, 0, 17]
85:(3) [-2, 0, 16]
86:(3) [-1, 0, 17]
87:(3) [-1, 0, 16]
88:(3) [-2, 0, 17]
89:(3) [-2, 0, 17]
90:(3) [-3, 0, 17]
91:(3) [-4, 0, 16]
92:(3) [-3, 0, 17]
93:(3) [-3, 0, 17]
94:(3) [-2, 0, 16]
95:(3) [-1, 0, 17]
96:(3) [-2, 0, 17]
97:(3) [-1, 0, 17]
98:(3) [-1, 0, 50]
99:(3) [-1, 0, 16]
100:(3) [-1, 0, 22]
101:(3) [-1, 0, 11]
102:(3) [-3, 0, 17]
103:(3) [-2, 0, 17]
104:(3) [-3, 0, 16]
105:(3) [-1, 0, 17]
106:(3) [-2, 0, 59]
107:(3) [-1, 0, 27]
108:(3) [-2, 0, 14]
109:(3) [-1, 0, 127]
110:(3) [-2, 0, 24]
111:(3) [-1, 0, 247]
112:(3) [-2, 0, 19]
113:(3) [-1, 0, 62]
114:(3) [-2, 0, 336]
115:(3) [0, 0, 4925]
