0:(3) [21, 23, 0]
1:(3) [1, 0, 223]
2:(3) [3, 0, 17]
3:(3) [7, 0, 16]
4:(3) [3, 0, 20]
5:(3) [3, 0, 13]
6:(3) [4, 0, 17]
7:(3) [2, -1, 17]
8:(3) [4, 0, 16]
9:(3) [4, -1, 17]
10:(3) [4, 0, 17]
11:(3) [1, -1, 16]
12:(3) [2, 0, 17]
13:(3) [1, 0, 17]
14:(3) [2, 0, 16]
15:(3) [1, 0, 17]
16:(3) [1, 0, 33]
17:(3) [1, 0, 18]
18:(3) [1, 0, 16]
19:(3) [3, 0, 16]
20:(3) [1, 0, 17]
21:(3) [2, 0, 17]
22:(3) [5, 0, 33]
23:(3) [3, 1, 17]
24:(3) [1, 0, 16]
25:(3) [1, 1, 17]
26:(3) [1, 0, 17]
27:(3) [2, 0, 16]
28:(3) [2, 0, 17]
29:(3) [1, 0, 17]
30:(3) [1, 0, 636]
31:(3) [1, 0, 13]
32:(3) [2, 0, 17]
33:(3) [1, 0, 17]
34:(3) [1, 0, 114]
35:(3) [2, 0, 19]
36:(3) [1, -1, 17]
37:(3) [-1, -1, 92]
38:(3) [-1, 0, 48]
39:(3) [-2, 0, 43]
40:(3) [-1, -1, 18]
41:(3) [-1, 0, 15]
42:(3) [-2, -1, 27]
43:(3) [1, 0, 273]
44:(3) [1, 0, 175]
45:(3) [1, 0, 24]
46:(3) [1, 0, 23]
47:(3) [0, 0, 354]
