0:(3) [19, 21, 0]
1:(3) [0, 1, 70]
2:(3) [3, 0, 33]
3:(3) [2, 0, 18]
4:(3) [1, 1, 16]
5:(3) [1, 0, 17]
6:(3) [2, 0, 17]
7:(3) [2, 0, 16]
8:(3) [2, 0, 17]
9:(3) [9, 0, 33]
10:(3) [3, 0, 17]
11:(3) [3, 0, 16]
12:(3) [5, 0, 17]
13:(3) [7, 0, 17]
14:(3) [5, 0, 16]
15:(3) [7, 0, 17]
16:(3) [1, 0, 17]
17:(3) [1, 0, 16]
18:(3) [1, 1, 67]
19:(3) [1, 0, 112]
20:(3) [1, 0, 8]
21:(3) [1, 0, 30]
22:(3) [1, 0, 18]
23:(3) [1, 0, 16]
24:(3) [1, 0, 57]
25:(3) [1, 0, 24]
26:(3) [2, 0, 19]
27:(3) [1, 0, 17]
28:(3) [1, 0, 17]
29:(3) [1, 0, 16]
30:(3) [1, 0, 18]
31:(3) [2, 0, 24]
32:(3) [1, 0, 16]
33:(3) [2, 0, 9]
34:(3) [1, 0, 16]
35:(3) [1, 0, 39]
36:(3) [1, 0, 11]
37:(3) [1, 1, 17]
38:(3) [1, 0, 165]
39:(3) [1, 0, 18]
40:(3) [1, 0, 20]
41:(3) [-1, 0, 322]
42:(3) [-1, 0, 39]
43:(3) [-1, 0, 24]
